Equilibration Times
921
1700
2065
1293
1502
683
253
664
1913
628
662
338
562
363
596
340
513
329
222
1193
334
717
518
343
1328
665
932
257
2400
1219
663
951
238
307
670
1474
320
261
709
255
777
930
357
259
1324
1327
844
599
1329
487
2177
778
907
646
657
622
321
657
700
609
3492
352
360
197
522
633
1229
655
475
None
605
1698
542
1653
363
270
314
489
556
1764
882
866
729
234
1164
637
424
676
238
393
530
727
430
1016
454
493
520
334
1663
145
418
1812
375
472
963
237
718
133
1049
252
1386
1451
823
567
202
246
200
625
1332
1244
595
416
764
246
635
267
1308
210
1842
1300
1025
660
1106
1510
788
1573
2247
650
710
1631
986
743
272
718
964
277
1413
1736
412
527
1083
949
456
769
1245
1842
1006
935
900
998
260
546
794
518
980
990
880
420
1243
329
420
321
608
284
763
1666
401
2043
2507
563
2001
553
531
1033
871
156
1096
2415
776
547
1756
646
1060
650
922
865
1376
380
1042
646
758
153
364
1323
853
177
892
853
2215
300
865
411
1533
354
2615
724
264
991
439
224
429
307
661
613
760
298
318
1021
662
200
1357
1085
847
236
362
1386
683
1055
1253
412
253
1701
638
477
570
291
1329
867
618
423
265
None
1171
468
1082
418
1402
1569
1576
231
370
831
704
737
467
319
1109
1073
320
206
1181
843
404
2791
543
1517
1407
410
1132
1235
812
118
263
549
727
293
830
781
1797
583
460
399
1322
237
260
918
652
194
379
857
388
417
2276
1303
1315
575
1216
456
970
658
618
1019
1078
291
983
469
2501
1074
283
1752
635
396
403
328
1369
460
1450
822
720
1002
569
257
2157
268
2442
518
682
639
448
284
152
389
341
None
2945
309
352
756
364
1762
307
322
491
394
340
293
514
535
477
897
705
302
853
576
754
1161
341
2065
737
1150
204
860
1052
751
397
786
667
862
254
534
1962
3016
423
None
449
1460
418
513
319
1063
1738
322
1033
1585
None
1461
687
772
456
251
463
754
468
1424
309
1183
699
691
232
1265
1225
328
150
1926
416
803
806
222
435
1525
560
1526
1680
197
804
491
194
911
481
607
1315
549
290
2076
145
563
1675
616
873
476
756
261
655
445
796
4013
971
179
739
638
1653
210
3597
388
1010
535
370
1310
619
714
2498
1196
514
434
640
763
2610
1477
1470
874
1045
607
372
1645
838
1101
2285
572
1281
549
730
454
451
1413
295
932
376
563
558
324
482
505
321
864
741
611
887
877
469
406
310
472
251
399
None
425
504
620
435
974
550
1138
206
425
1373
501
499
167
1286
944
761
940
595
3972
680
537
566
1273
243
1542
3327
2405
468
1090
770
1310
285
951
392
231
352
214
2019
206
1480
933
584
328
1303
244
370
1767
2300
649
2231
922
266
811
670
302
536
1073
1051
525
524
340
670
226
1120
943
193
933
704
1882
1369
883
401
2384
674
582
847
340
423
708
1939
483
427
1049
187
416
1191
570
459
662
267
483
686
1913
339
761
514
1346
613
378
1098
879
1097
1694
2204
414
2342
150
1564
927
978
649
583
856
903
1153
901
310
4201
1060
1308
430
991
2721
689
1798
2058
969
740
2528
326
512
489
901
944
940
742
449
411
596
882
713
911
157
1721
332
488
854
343
1339
812
477
None
614
509
709
570
716
1051
970
1164
810
843
1428
462
649
3933
2203
789
331
769
441
768
599
1165
472
463
700
256
873
552
764
799
503
525
210
517
226
573
601
535
384
868
396
440
361
573
956
294
534
646
523
1537
789
832
1788
562
889
1671
590
467
544
698
433
609
780
977
990
1600
897
456
184
728
480
1278
1376
1489
1675
265
339
376
639
1764
831
504
667
534
317
446
643
571
2641
1610
436
2718
681
1910
527
224
264
759
412
3151
2096
956
101
365
1085
265
480
450
618
691
336
591
1783
217
440
1032
839
142
596
1482
1442
989
1526
345
401
1120
653
1021
1270
None
1276
652
570
210
667
1110
627
694
171
745
210
417
2055
509
559
513
370
913
1095
746
205
978
855
414
466
2373
236
580
279
886
632
754
2220
354
1732
604
1063
295
511
331
268
1085
753
1911
350
302
260
887
396
734
157
1100
379
184
700
382
3059
437
1202
1140
693
652
244
750
963
187
645
282
416
1625
1374
1434
449
1279
1673
567
483
514
542
2106
578
1010
373
723
701
664
495
1588
1082
659
858
610
369
780
519
589
475
1557
525
1027
436
492
773
515
1131
971
744
318
562
546
487
532
1815
1622
900
1550
1047
212
1335
1295
399
369
409
902
588
445
753
591
447
525
713
328
584
682
859
575
605
2003
814
814
231
633
519
381
1058
486
156
433
1595
461
407
576
287
1623
248
710
445
390
265
1353
615
940
545
440
557
553
330
295
510
631
581
3035
1247
251
578
1407
216
830
182
1143
529
480
693
297
1778
559
1142
444
720
472
1320
360
940
538
1396
343
444
220
908
722
956
271
156
427
564
755
534
810
420
2007
538
639
611
